0 0.5971153846153846 0.4551282051282051 0.09038461538461538 0.09487179487179487
0 0.7716346153846154 0.5673076923076923 0.21634615384615385 0.43974358974358974
0 0.9201923076923076 0.32564102564102565 0.028846153846153848 0.03333333333333333
0 0.98125 0.3346153846153846 0.014423076923076924 0.020512820512820513
0 0.4668269230769231 0.3301282051282051 0.016346153846153847 0.029487179487179487
0 0.5004807692307692 0.3384615384615385 0.014423076923076924 0.028205128205128206
0 0.0798076923076923 0.4403846153846154 0.051923076923076926 0.06025641025641026
0 0.3971153846153846 0.382051282051282 0.015384615384615385 0.023076923076923078
0 0.5403846153846154 0.33525641025641023 0.013461538461538462 0.021794871794871794
0 0.18653846153846154 0.35192307692307695 0.011538461538461539 0.016666666666666666
0 0.025 0.3423076923076923 0.015384615384615385 0.015384615384615385
